20620586
52
20730819
116
20833542
92
20933309
36
21041741
76
21145794
68
21250642
68
21356098
76
21462364
92
21567103
92
21671623
68
21775273
76
21882951
68
21992288
124
22086093
36
22196547
100
22299939
84
22405385
92
22507367
60
22612100
60
22715512
44
22827323
124
22928590
84
23029779
44
23133866
36
23243581
92
23345562
60
23448867
44
23552957
36
23661964
84
23768911
108
23868648
52
23974177
60
24078864
60
24183704
60
24293378
116
24398168
116
24499330
76
24605574
92
24706005
44
24815067
92
24916227
52
25023155
76
25129281
92
25234801
100
25340921
116
25443586
92
25550418
116
25653783
100
25755650
68
25863281
100
25962281
36
26067084
36
26172528
44
26280172
76
26382723
52
26489670
76
26594341
76
26697714
60
26800253
36
26910033
92
27011184
52
27118810
84
27219212
36
27324735
44
27437034
52
27541276
124
27643223
60
27750726
124
27847576
36
27957347
92
28062028
92
28169632
124
28269342
68
28372696
52
28483747
124
28588503
124
28690329
92
28795078
92
28901169
108
29001650
60
29104890
44
29208912
36
29315018
52
29425440
116
29526551
76
29628464
44
29738784
108
29842813
100
29946758
92
30049370
68
30156848
100
30258040
60
30367642
116
30472379
116
30569915
36
30681773
116
30785726
108
30889024
92
30992951
84
31094140
44
31203746
100
31310624
124
31409576
60
31519995
124
31618964
60
31726537
92
31826930
44
31936618
100
32042656
116
32143824
76
32247736
68
32352453
68
32461330
116
32564620
100
32666402
68
32769701
52
32873606
44
32979740
60
33082212
36
33186916
36
33294397
68
33399821
76
33508675
124
33614952
100
33717292
116
33819126
84
33919455
36
34029165
92
34130937
60
34237066
76
34343101
92
34446382
76
34548873
52
34655712
76
34756745
36
34864310
68
34973872
124
35072169
52
35175321
36
