1 125 0 100
2 125 0 0
3 125 0 15393
1 125 1 100
2 125 1 0
3 125 1 15393
1 125 2 100
2 125 2 0
3 125 2 15393
1 125 3 100
2 125 3 0
3 125 3 15393
1 125 4 100
2 125 4 0
3 125 4 15393
1 125 5 100
2 125 5 0
3 125 5 15393
1 125 6 100
2 125 6 0
3 125 6 15393
1 125 7 100
2 125 7 0
3 125 7 15393
1 125 8 100
2 125 8 0
3 125 8 15393
1 125 9 100
2 125 9 0
3 125 9 15393
1 125 10 100
2 125 10 0
3 125 10 15392
1 125 11 100
2 125 11 0
3 125 11 15393
1 125 12 100
2 125 12 0
3 125 12 15392
1 125 13 100
2 125 13 0
3 125 13 15393
1 125 14 100
2 125 14 0
3 125 14 15393
1 125 15 100
2 125 15 0
3 125 15 15393
1 125 16 100
2 125 16 0
3 125 16 15393
1 125 17 100
2 125 17 0
3 125 17 15393
1 125 18 100
2 125 18 0
3 125 18 15393
1 125 19 100
2 125 19 0
3 125 19 15393
1 125 20 100
2 125 20 0
3 125 20 15393
1 125 21 100
2 125 21 0
3 125 21 15393
1 125 22 100
2 125 22 0
3 125 22 15393
1 125 23 100
2 125 23 0
3 125 23 15392
1 125 24 100
2 125 24 0
3 125 24 15393
1 125 25 100
2 125 25 0
3 125 25 15392
1 125 26 99.6154
2 125 26 0
3 125 26 15393
1 125 27 99.6296
2 125 27 0
3 125 27 15393
1 125 28 99.6429
2 125 28 0
3 125 28 15393
1 125 29 99.6552
2 125 29 0
3 125 29 15393
1 125 30 100
2 125 30 0
3 125 30 15392
1 125 31 100
2 125 31 0
3 125 31 15393
1 125 32 100
2 125 32 0
3 125 32 15393
1 125 33 100
2 125 33 0
3 125 33 15393
1 125 34 100
2 125 34 0
3 125 34 15393
1 125 35 100
2 125 35 0
3 125 35 15393
1 125 36 100
2 125 36 0
3 125 36 15393
1 125 37 100
2 125 37 0
3 125 37 15393
1 125 38 100
2 125 38 0
3 125 38 15393
1 125 39 100
2 125 39 0
3 125 39 15393
1 125 40 99.7494
2 125 40 0
3 125 40 15392
1 125 41 100
2 125 41 0
3 125 41 15393
1 125 42 100
2 125 42 0
3 125 42 15393
1 125 43 99.7669
2 125 43 0
3 125 43 15393
1 125 44 99.7722
2 125 44 0
3 125 44 15393
1 125 45 99.7773
2 125 45 0
3 125 45 15393
1 125 46 99.7821
2 125 46 0
3 125 46 15393
1 125 47 100
2 125 47 0
3 125 47 15393
1 125 48 100
2 125 48 0
3 125 48 15393
1 125 49 100
2 125 49 0
3 125 49 15393
1 125 50 100
2 125 50 0
3 125 50 15393
1 125 51 100
2 125 51 0
3 125 51 15392
1 125 52 100
2 125 52 0
3 125 52 15393
1 125 53 100
2 125 53 0
3 125 53 15393
1 125 54 100
2 125 54 0
3 125 54 15392
1 125 55 100
2 125 55 0
3 125 55 15392
1 125 56 99.8208
2 125 56 0
3 125 56 15676
1 125 57 99.8239
2 125 57 0
3 125 57 15393
1 125 58 99.827
2 125 58 0
3 125 58 15675
1 125 59 99.8299
2 125 59 0
3 125 59 15393
1 125 60 99.8328
2 125 60 0
3 125 60 15393
1 125 61 100
2 125 61 0
3 125 61 15675
1 125 62 100
2 125 62 0
3 125 62 15930
1 125 63 100
2 125 63 0
3 125 63 15675
1 125 64 82.7316
2 125 64 16.9545
3 125 64 15675
1 125 65 75.2705
2 125 65 24.575
3 125 65 15393
1 125 66 74.8858
2 125 66 24.8097
3 125 66 31017
1 125 67 72.8636
2 125 67 26.8366
3 125 67 26803
1 125 68 66.4697
2 125 68 33.2349
3 125 68 15675
1 125 69 64.1921
2 125 69 35.5167
3 125 69 15675
1 125 70 61.693
2 125 70 38.0201
3 125 70 15675
1 125 71 66.4781
2 125 71 33.239
3 125 71 15982
1 125 72 63.7378
2 125 72 35.8438
3 125 72 15675
1 125 73 60.0551
2 125 73 39.8072
3 125 73 15676
1 125 74 57.7446
2 125 74 41.9837
3 125 74 15676
1 125 75 57.6408
2 125 75 42.2252
3 125 75 15675
1 125 76 59.7884
2 125 76 39.9471
3 125 76 15675
1 125 77 50.6527
2 125 77 49.0862
3 125 77 15675
1 125 78 53.0401
2 125 78 45.4075
3 125 78 15675
1 125 79 50.3817
2 125 79 49.3639
3 125 79 15675
1 125 80 55.0251
2 125 80 44.7236
3 125 80 15675
1 125 81 50.2481
2 125 81 49.3797
3 125 81 15675
1 125 82 50.0614
2 125 82 49.8159
3 125 82 15675
1 125 83 50.0606
2 125 83 49.697
3 125 83 15675
1 125 84 49.9401
2 125 84 49.8204
3 125 84 15675
1 125 85 49.9408
2 125 85 49.8225
3 125 85 15675
1 125 86 45.2632
2 125 86 53.9181
3 125 86 15675
1 125 87 47.3988
2 125 87 37.2254
3 125 87 15675
1 125 88 48.3429
2 125 88 23.2
3 125 88 15675
1 125 89 45.3107
2 125 89 36.4972
3 125 89 15948
1 125 90 47.5449
2 125 90 44.7904
3 125 90 16024
1 125 91 47.3747
2 125 91 44.3914
3 125 91 15675
1 125 92 45.6647
2 125 92 46.474
3 125 92 15675
1 125 93 41.8079
2 125 93 49.9435
3 125 93 15675
1 125 94 45.7955
2 125 94 41.4773
3 125 94 15675
1 125 95 42.1397
2 125 95 46.8341
3 125 95 15675
1 125 96 35.2693
2 125 96 62.0908
3 125 96 15675
1 125 97 39.4261
2 125 97 54.3039
3 125 97 15675
1 125 98 62.2368
2 125 98 9.21053
3 125 98 15675
1 125 99 66.6667
2 125 99 0
3 125 99 15675
1 125 100 66.4879
2 125 100 0
3 125 100 15675
1 125 101 41.7112
2 125 101 48.4492
3 125 101 15675
